-1.0 -0.8407699926874289
-0.9 -0.7826743547547531
-0.8 -0.716758493387104
-0.7000000000000001 -0.6436810180823981
-0.6000000000000001 -0.5641720948176719
-0.5000000000000001 -0.4790261504720116
-0.40000000000000013 -0.38909393517584373
-0.30000000000000016 -0.29527402189674085
-0.20000000000000018 -0.19850382819547038
-0.1000000000000002 -0.0997502498595093
-2.220446049250313e-16 0.0
0.09999999999999964 0.09975024985950652
0.19999999999999973 0.19850382819547038
0.2999999999999998 0.29527402189674085
0.3999999999999997 0.38909393517583263
0.49999999999999956 0.4790261504720227
0.5999999999999996 0.5641720948176553
0.6999999999999997 0.643681018082387
0.7999999999999996 0.716758493387104
0.8999999999999995 0.7826743547547531
